2913.28
3099.85
3286.43
3473.01
3659.59
3846.17
4032.75
4219.33
4405.91
4592.49
4779.07
4965.65
5152.23
5338.81
5525.39
5711.96
6185.33
6658.69
7132.06
7605.42
8078.78
8552.15
9025.51
9498.87
9972.24
10445.6
10919
11392.3
11865.7
12339.1
12812.4
13364.8
13917.2
14469.6
15022
15574.4
16126.8
16679.2
17231.6
17784
18336.4
18888.8
19441.2
19993.6
20546
21098.4
21516.6
21934.8
22353
22771.1
23189.3
23607.5
24025.7
24443.9
24862.1
25280.3
25698.4
26116.6
26534.8
26953
27371.2
27530.1
27688.9
27847.8
28006.6
28165.5
28324.4
28483.2
28642.1
28801
28959.8
29118.7
29277.6
29436.4
29595.3
29754.2
29641.4
29528.6
29415.9
29303.1
29190.3
29077.5
28964.8
28852
28739.2
28626.5
28513.7
28400.9
28288.1
28175.4
28062.6
27748.9
27435.1
27121.4
26807.7
26493.9
26180.2
25866.4
25552.7
25239
24925.2
24611.5
24297.8
23984
23670.3
23356.5
22946.3
22536.1
22125.9
21715.7
21305.5
20895.3
20485.1
20074.9
19664.7
19254.5
18844.3
18434.1
18023.9
17613.7
17203.5
16795
16386.5
15978
15569.4
15160.9
14752.4
14343.9
13935.4
13526.9
13118.4
12709.9
12301.4
11892.9
11484.4
11075.8
10740.2
10404.7
10069.1
9733.47
9397.87
9062.28
8726.69
8391.09
8055.5
7719.9
7384.31
7048.72
6713.12
6377.53
6041.93
5896.13
5750.33
5604.53
5458.73
5312.93
5167.12
5021.32
4875.52
4729.72
4583.92
4438.12
4292.31
4146.51
4000.71
3854.91
3709.11
3563.31
3417.5
3271.7
3125.9
2980.1
2834.3
2688.5
2542.7
2396.89
2251.09
2105.29
1959.49
1813.69
